[[[0.         0.         0.         0.         0.         0.
   0.         0.         0.         0.        ]
  [0.         0.         0.         0.         0.         0.
   0.         0.         0.         0.        ]
  [0.         0.         0.         0.         0.         0.
   0.         0.         0.         0.        ]
  [0.         0.         0.         0.         0.         0.
   0.         0.         0.         0.        ]
  [0.         0.         0.         0.         0.         0.
   0.         0.         0.         0.        ]]

 [[0.         0.         0.         0.21110057 0.         0.17220114
   0.04933586 0.         0.15370019 0.41366224]
  [0.         0.83295195 0.         0.         0.         0.
   0.         0.         0.         0.16704805]
  [0.18223408 0.         0.         0.09931376 0.17098742 0.
   0.06252383 0.         0.         0.48494091]
  [0.         0.         0.         0.         0.         0.
   0.         0.         0.         1.        ]
  [0.         0.04888417 0.25929862 0.         0.         0.03772582
   0.36981934 0.         0.         0.28427205]]

 [[0.         0.47294939 0.         0.         0.         0.
   0.         0.         0.52705061 0.        ]
  [0.         0.45307289 0.05717008 0.         0.         0.
   0.         0.13244402 0.         0.35731301]
  [0.         0.44024024 0.55975976 0.         0.         0.
   0.         0.         0.         0.        ]
  [0.         0.32369689 0.         0.08322383 0.32238283 0.05562856
   0.         0.21506789 0.         0.        ]
  [0.         1.         0.         0.         0.         0.
   0.         0.         0.         0.        ]]

 [[0.         0.31159664 0.         0.         0.43630252 0.
   0.25210084 0.         0.         0.        ]
  [0.         0.         0.         0.         0.38883079 0.10897302
   0.19284668 0.         0.18740849 0.12194102]
  [0.         0.         0.         0.         0.40463768 0.
   0.45275362 0.         0.         0.1426087 ]
  [0.00240674 0.         0.         0.73285199 0.26474128 0.
   0.         0.         0.         0.        ]
  [0.42549758 0.         0.         0.         0.20925229 0.
   0.         0.36525013 0.         0.        ]]

 [[1.         0.         0.         0.         0.         0.
   0.         0.         0.         0.        ]
  [0.         0.38044444 0.28       0.         0.         0.
   0.         0.00355556 0.32       0.        ]
  [0.         0.         0.         0.         0.         0.
   0.         0.         1.         0.        ]
  [0.         0.         0.         0.         0.         0.75358166
   0.         0.         0.24641834 0.        ]
  [0.15280541 0.         0.         0.17250298 0.00875448 0.
   0.         0.         0.49283725 0.17309988]]

 [[0.         0.         0.         0.         0.         0.
   0.         0.         0.         0.        ]
  [0.         0.         0.         0.         0.         0.
   0.         0.         0.         0.        ]
  [0.         0.         0.         0.         0.         0.
   0.         0.         0.         0.        ]
  [0.         0.         0.         0.         0.         0.
   0.         0.         0.         0.        ]
  [0.         0.         0.         0.         0.         0.
   0.         0.         0.         0.        ]]

 [[0.09525117 0.21932473 0.         0.         0.20203129 0.
   0.02635191 0.4570409  0.         0.        ]
  [0.         0.         0.         0.         0.         0.
   0.         1.         0.         0.        ]
  [0.         0.         0.65263158 0.         0.         0.
   0.         0.34736842 0.         0.        ]
  [0.         0.         0.10917431 0.         0.         0.45045872
   0.         0.44036697 0.         0.        ]
  [0.         0.         0.         0.51234156 0.         0.15143429
   0.         0.20080053 0.13542362 0.        ]]

 [[0.         0.         0.         0.48077836 0.         0.
   0.         0.12719506 0.28476507 0.10726151]
  [0.         0.         0.         0.37423313 0.         0.
   0.         0.         0.62576687 0.        ]
  [0.         0.         0.44893461 0.47171198 0.         0.
   0.         0.         0.         0.07935342]
  [0.         0.         0.         0.41176471 0.         0.
   0.         0.         0.58823529 0.        ]
  [0.         0.         0.         0.47928994 0.         0.
   0.         0.44716822 0.07354184 0.        ]]

 [[0.         0.         0.         0.         0.         1.
   0.         0.         0.         0.        ]
  [0.         0.50258732 0.         0.         0.         0.49741268
   0.         0.         0.         0.        ]
  [0.         0.         0.         0.         0.         1.
   0.         0.         0.         0.        ]
  [0.         0.         0.         0.63821752 0.         0.36178248
   0.         0.         0.         0.        ]
  [0.         0.         0.21641529 0.25780428 0.         0.21536303
   0.         0.         0.3104174  0.        ]]

 [[0.         0.         0.80769231 0.         0.         0.
   0.19230769 0.         0.         0.        ]
  [0.         0.1797005  0.         0.17470882 0.         0.
   0.28424847 0.26539101 0.         0.09595119]
  [0.         0.01221692 0.         0.         0.         0.01370679
   0.4135876  0.27532777 0.         0.28516091]
  [0.         0.         0.         0.         0.         0.23713034
   0.24479737 0.51807229 0.         0.        ]
  [0.         0.         0.         0.         0.         0.
   1.         0.         0.         0.        ]]] [[[ 0.          0.          0.          0.          0.
    0.          0.          0.          0.          0.        ]
  [ 0.          0.          0.          0.          0.
    0.          0.          0.          0.          0.        ]
  [ 0.          0.          0.          0.          0.
    0.          0.          0.          0.          0.        ]
  [ 0.          0.          0.          0.          0.
    0.          0.          0.          0.          0.        ]
  [ 0.          0.          0.          0.          0.
    0.          0.          0.          0.          0.        ]]

 [[ 0.          0.          0.          0.79767658  0.
    0.4596635  -0.37970486  0.          0.36796786 -0.05571457]
  [ 0.         -0.81345627  0.          0.          0.
    0.          0.          0.          0.          0.68018243]
  [-0.10406086  0.          0.          0.60635894  0.9350805
    0.         -0.52276814  0.          0.         -0.83910836]
  [ 0.          0.          0.          0.          0.
    0.          0.          0.          0.          0.92767709]
  [ 0.         -0.62654094 -0.419341    0.          0.
   -0.62121734  0.22554636  0.          0.          0.31331878]]

 [[ 0.          0.79007793  0.          0.          0.
    0.          0.          0.          0.69897193  0.        ]
  [ 0.         -0.51392876  0.69015515  0.          0.
    0.          0.          0.26029468  0.         -0.0271116 ]
  [ 0.          0.14773207 -0.90953186  0.          0.
    0.          0.          0.          0.          0.        ]
  [ 0.          0.92206256  0.         -0.25972012  0.9610333
   -0.92721592  0.         -0.95672698  0.          0.        ]
  [ 0.          0.29385144  0.          0.          0.
    0.          0.          0.          0.          0.        ]]

 [[ 0.          0.39864625  0.          0.         -0.47973349
    0.         -0.21744761  0.          0.          0.        ]
  [ 0.          0.          0.          0.          0.36256135
   -0.97359248 -0.76557431  0.          0.33121164  0.84283679]
  [ 0.          0.          0.          0.         -0.43823367
    0.         -0.90860701  0.          0.         -0.32816689]
  [-0.22396553  0.          0.         -0.17116402  0.30166572
    0.          0.          0.          0.          0.        ]
  [-0.93690904  0.          0.          0.          0.13494468
    0.          0.          0.74337638  0.          0.        ]]

 [[ 0.81607971  0.          0.          0.          0.
    0.          0.          0.          0.20795478  0.        ]
  [ 0.          0.67489679 -0.7389565   0.          0.
    0.          0.         -0.97054143  0.89909507  0.        ]
  [ 0.          0.          0.          0.          0.
    0.          0.          0.          0.37708001  0.        ]
  [ 0.          0.          0.          0.          0.
    0.59964911  0.          0.         -0.7684412   0.        ]
  [-0.2662124   0.          0.         -0.37057354 -0.48066123
    0.          0.          0.          0.13493559 -0.58852852]]

 [[ 0.          0.          0.          0.          0.
    0.          0.          0.          0.          0.        ]
  [ 0.          0.          0.          0.          0.
    0.          0.          0.          0.          0.        ]
  [ 0.          0.          0.          0.          0.
    0.          0.          0.          0.          0.        ]
  [ 0.          0.          0.          0.          0.
    0.          0.          0.          0.          0.        ]
  [ 0.          0.          0.          0.          0.
    0.          0.          0.          0.          0.        ]]

 [[-0.69795365 -0.33318322  0.          0.          0.17425101
    0.         -0.98220584  0.57924632  0.          0.        ]
  [ 0.          0.          0.          0.          0.
    0.          0.          0.97860605  0.          0.        ]
  [ 0.          0.          0.71407316  0.          0.
    0.          0.          0.4573215   0.          0.        ]
  [ 0.          0.          0.95245892  0.          0.
    0.68169667  0.         -0.31269681  0.          0.        ]
  [ 0.          0.          0.          0.9829995   0.
   -0.82615645  0.          0.61554514  0.61223699  0.        ]]

 [[ 0.          0.          0.         -0.83267351  0.
    0.          0.          0.42881274 -0.56549291  0.57657754]
  [ 0.          0.          0.         -0.59662416  0.
    0.          0.          0.          0.5048768   0.        ]
  [ 0.          0.         -0.27671581  0.65397318  0.
    0.          0.          0.          0.         -0.08318391]
  [ 0.          0.          0.          0.86262681  0.
    0.          0.          0.          0.08561815  0.        ]
  [ 0.          0.          0.         -0.86728174  0.
    0.          0.          0.61411076  0.4362633   0.        ]]

 [[ 0.          0.          0.          0.          0.
    0.72380677  0.          0.          0.          0.        ]
  [ 0.          0.35714271  0.          0.          0.
    0.61021998  0.          0.          0.          0.        ]
  [ 0.          0.          0.          0.          0.
    0.21485982  0.          0.          0.          0.        ]
  [ 0.          0.          0.         -0.01297996  0.
   -0.47598493  0.          0.          0.          0.        ]
  [ 0.          0.         -0.92813233 -0.16426791  0.
   -0.01633808  0.          0.         -0.88894591  0.        ]]

 [[ 0.          0.         -0.79703898  0.          0.
    0.          0.55629671  0.          0.          0.        ]
  [ 0.          0.55492198  0.          0.56683394  0.
    0.          0.40163485 -0.77800615  0.         -0.87967834]
  [ 0.          0.57911746  0.          0.          0.
   -0.11084079 -0.84932083  0.51323244  0.         -0.08905953]
  [ 0.          0.          0.          0.          0.
    0.8909711   0.78368422 -0.70861916  0.          0.        ]
  [ 0.          0.          0.          0.          0.
    0.          0.37283621  0.          0.          0.        ]]]
